11111111
76.908
2228.19
1.56392
1.68626
1.56981
1.51584
1.54077
1.60352
1.73079
1.62722
1.66571
1.68229
1.70339
1.76586
1.72819
1.75641
1.70161
1.76052
1.75983
1.81504
1.73819
1.8593
1.79765
1.76668
1.69216
1.70476
1.79011
1.76586
1.76956
1.67914
1.78203
1.64599
1.74517
1.61681
1.91588
1.8534
1.85066
1.86793
1.84861
1.75408
1.83929
1.79162
1.82957
1.89218
1.76161
1.72956
1.83327
1.81984
1.84423
1.68476
1.80655
1.79408
1.88656
1.88176
1.83601
1.83244
1.69435
1.74641
1.86231
1.73024
1.64188
1.68818
1.77942
1.76367
1.62379
1.61324
11111111
76.908
2228.19
1.56338
1.68585
1.56981
1.51556
1.54077
1.60338
1.73024
1.62653
1.66517
1.68174
1.70257
1.76518
1.72791
1.756
1.70092
1.75956
1.75901
1.8145
1.73737
1.85847
1.79682
1.766
1.69161
1.70435
1.7897
1.76545
1.76929
1.67873
1.78134
1.64558
1.74476
1.61653
1.91505
1.85245
1.84998
1.86765
1.84779
1.75367
1.83847
1.79121
1.82902
1.89176
1.76093
1.72915
1.83299
1.81888
1.8434
1.68435
1.80628
1.79436
1.88628
1.88149
1.83559
1.83135
1.69366
1.74572
1.86162
1.72956
1.64229
1.68763
1.77819
1.76271
1.62324
1.61256
